
SUMMARISING RUN PARAMETERS
==========================
Input filename: ../data/1078_S1_L001_R1_001.fastq
Trimming mode: single-end
Trim Galore version: 0.5.0
Cutadapt version: 1.18
Quality Phred score cutoff: 20
Quality encoding type selected: ASCII+33
Adapter sequence: 'AGATCGGAAGAGC' (Illumina TruSeq, Sanger iPCR; auto-detected)
Maximum trimming error rate: 0.1 (default)
Minimum required adapter overlap (stringency): 1 bp
Minimum required sequence length before a sequence gets removed: 20 bp


This is cutadapt 1.18 with Python 3.7.0
Command line parameters: -f fastq -e 0.1 -q 20 -O 1 -a AGATCGGAAGAGC ../data/1078_S1_L001_R1_001.fastq
Processing reads on 1 core in single-end mode ...
Finished in 7739.81 s (20 us/read; 3.01 M reads/minute).

=== Summary ===

Total reads processed:             388,390,826
Reads with adapters:               122,931,149 (31.7%)
Reads written (passing filters):   388,390,826 (100.0%)

Total basepairs processed: 58,647,014,726 bp
Quality-trimmed:           2,057,106,867 bp (3.5%)
Total written (filtered):  56,243,187,950 bp (95.9%)

=== Adapter 1 ===

Sequence: AGATCGGAAGAGC; Type: regular 3'; Length: 13; Trimmed: 122931149 times.

No. of allowed errors:
0-9 bp: 0; 10-13 bp: 1

Bases preceding removed adapters:
  A: 34.1%
  C: 30.4%
  G: 19.7%
  T: 15.9%
  none/other: 0.0%

Overview of removed sequences
length	count	expect	max.err	error counts
1	87778718	97097706.5	0	87778718
2	23602869	24274426.6	0	23602869
3	6338219	6068606.7	0	6338219
4	1142973	1517151.7	0	1142973
5	287006	379287.9	0	287006
6	128586	94822.0	0	128586
7	123232	23705.5	0	123232
8	72247	5926.4	0	72247
9	103446	1481.6	0	93205 10241
10	86882	370.4	1	75077 11805
11	68298	92.6	1	58412 9886
12	85379	23.1	1	78058 7321
13	62061	5.8	1	55973 6088
14	82295	5.8	1	72930 9365
15	112328	5.8	1	99442 12886
16	28468	5.8	1	25641 2827
17	58859	5.8	1	55244 3615
18	50866	5.8	1	47273 3593
19	48173	5.8	1	44809 3364
20	52571	5.8	1	49006 3565
21	54994	5.8	1	50578 4416
22	41286	5.8	1	37984 3302
23	45688	5.8	1	41464 4224
24	58821	5.8	1	49364 9457
25	36744	5.8	1	34046 2698
26	44086	5.8	1	40887 3199
27	34468	5.8	1	32479 1989
28	36320	5.8	1	33727 2593
29	35551	5.8	1	32672 2879
30	38615	5.8	1	35346 3269
31	44636	5.8	1	40497 4139
32	30120	5.8	1	28147 1973
33	23667	5.8	1	21980 1687
34	22757	5.8	1	20966 1791
35	26578	5.8	1	24570 2008
36	30979	5.8	1	28543 2436
37	37982	5.8	1	34878 3104
38	43329	5.8	1	40513 2816
39	10335	5.8	1	9336 999
40	10743	5.8	1	9909 834
41	11578	5.8	1	10622 956
42	19320	5.8	1	18176 1144
43	19492	5.8	1	18196 1296
44	17196	5.8	1	16142 1054
45	14778	5.8	1	13814 964
46	17057	5.8	1	16170 887
47	15763	5.8	1	14560 1203
48	16776	5.8	1	15422 1354
49	19534	5.8	1	17924 1610
50	24487	5.8	1	22661 1826
51	11193	5.8	1	10138 1055
52	12971	5.8	1	11968 1003
53	11951	5.8	1	10309 1642
54	13182	5.8	1	12267 915
55	12938	5.8	1	11981 957
56	11471	5.8	1	10774 697
57	10255	5.8	1	9422 833
58	15013	5.8	1	13600 1413
59	12277	5.8	1	11120 1157
60	12087	5.8	1	11039 1048
61	13482	5.8	1	12018 1464
62	14497	5.8	1	8834 5663
63	11834	5.8	1	10447 1387
64	11904	5.8	1	10535 1369
65	13265	5.8	1	10882 2383
66	15294	5.8	1	10512 4782
67	12549	5.8	1	11385 1164
68	13144	5.8	1	11771 1373
69	16076	5.8	1	14466 1610
70	25281	5.8	1	20834 4447
71	183971	5.8	1	176598 7373
72	200195	5.8	1	193360 6835
73	164213	5.8	1	158404 5809
74	126966	5.8	1	122254 4712
75	88874	5.8	1	85549 3325
76	61010	5.8	1	57863 3147
77	43699	5.8	1	41490 2209
78	35068	5.8	1	31607 3461
79	28826	5.8	1	25709 3117
80	23493	5.8	1	21021 2472
81	21317	5.8	1	17949 3368
82	17021	5.8	1	15610 1411
83	15827	5.8	1	14375 1452
84	28834	5.8	1	27718 1116
85	28237	5.8	1	27444 793
86	22535	5.8	1	21781 754
87	15491	5.8	1	14793 698
88	10970	5.8	1	10228 742
89	8434	5.8	1	7863 571
90	6852	5.8	1	6279 573
91	6106	5.8	1	5536 570
92	5530	5.8	1	5021 509
93	4799	5.8	1	4250 549
94	4505	5.8	1	3892 613
95	4097	5.8	1	3655 442
96	4656	5.8	1	4142 514
97	3650	5.8	1	3086 564
98	3721	5.8	1	2917 804
99	3345	5.8	1	2731 614
100	4344	5.8	1	2569 1775
101	3019	5.8	1	2571 448
102	3065	5.8	1	2640 425
103	2769	5.8	1	2360 409
104	2622	5.8	1	2263 359
105	2464	5.8	1	2103 361
106	2367	5.8	1	1999 368
107	2478	5.8	1	2027 451
108	2471	5.8	1	1906 565
109	2437	5.8	1	1802 635
110	4401	5.8	1	1749 2652
111	2610	5.8	1	1837 773
112	6437	5.8	1	1727 4710
113	1931	5.8	1	1659 272
114	1905	5.8	1	1647 258
115	1743	5.8	1	1497 246
116	1776	5.8	1	1504 272
117	1775	5.8	1	1484 291
118	2752	5.8	1	1421 1331
119	1645	5.8	1	1395 250
120	1838	5.8	1	1451 387
121	2273	5.8	1	1592 681
122	2769	5.8	1	2523 246
123	7895	5.8	1	7651 244
124	5902	5.8	1	5529 373
125	5967	5.8	1	5750 217
126	4508	5.8	1	4243 265
127	4974	5.8	1	4743 231
128	5442	5.8	1	5130 312
129	4849	5.8	1	4268 581
130	2710	5.8	1	2350 360
131	3075	5.8	1	2646 429
132	3515	5.8	1	2779 736
133	3629	5.8	1	2660 969
134	8392	5.8	1	4780 3612
135	33790	5.8	1	21428 12362
136	2773	5.8	1	2471 302
137	1816	5.8	1	1752 64
138	1759	5.8	1	1700 59
139	1194	5.8	1	1141 53
140	1374	5.8	1	1320 54
141	1884	5.8	1	1811 73
142	2292	5.8	1	2185 107
143	2828	5.8	1	2707 121
144	8997	5.8	1	8600 397
145	93067	5.8	1	89672 3395
146	3933	5.8	1	3824 109
147	2263	5.8	1	2202 61
148	2047	5.8	1	1955 92
149	1470	5.8	1	1378 92
150	2381	5.8	1	2156 225
151	4470	5.8	1	2525 1945


RUN STATISTICS FOR INPUT FILE: ../data/1078_S1_L001_R1_001.fastq
=============================================
388390826 sequences processed in total
Sequences removed because they became shorter than the length cutoff of 20 bp:	971936 (0.3%)

